p =

       0.00615019527485622


p =

        0.0532133927523486